Finished!
Time: 593965.000000
Below are the vectors
0.229741 0.247023 0.523236 0.694813 0.305187 0.362264 0.637736 0.239882 0.760118 
0.229741 0.247023 0.523236 0.694813 0.305187 0.253444 0.746556 0.416293 0.583707 
0.229741 0.247023 0.523236 0.765091 0.234909 0.182507 0.817493 0.127743 0.872257 
0.105647 0.241015 0.653338 0.662801 0.337199 0.320400 0.679600 0.196898 0.803102 
0.070271 0.229290 0.700439 0.397305 0.602695 0.281873 0.718127 0.040774 0.959226 
0.261890 0.318713 0.419397 0.438344 0.561656 0.320400 0.679600 0.497846 0.502154 
0.229741 0.247023 0.523236 0.765091 0.234909 0.182507 0.817493 0.239882 0.760118 
0.087360 0.106009 0.806631 0.602832 0.397168 0.182507 0.817493 0.441106 0.558894 
0.087360 0.106009 0.806631 0.602832 0.397168 0.182507 0.817493 0.441106 0.558894 
0.229741 0.247023 0.523236 0.694813 0.305187 0.150762 0.849238 0.090787 0.909213 
0.142977 0.194516 0.662507 0.602832 0.397168 0.253444 0.746556 0.090787 0.909213 
0.229741 0.247023 0.523236 0.694813 0.305187 0.150762 0.849238 0.090787 0.909213 
0.229741 0.247023 0.523236 0.765091 0.234909 0.182507 0.817493 0.261128 0.738872 
0.229741 0.247023 0.523236 0.765091 0.234909 0.263373 0.736627 0.450351 0.549649 
0.187279 0.255136 0.557586 0.486779 0.513221 0.253444 0.746556 0.196898 0.803102 
0.087360 0.106009 0.806631 0.602832 0.397168 0.210672 0.789328 0.441106 0.558894 
0.187279 0.255136 0.557586 0.486779 0.513221 0.253444 0.746556 0.196898 0.803102 
0.229741 0.247023 0.523236 0.765091 0.234909 0.263373 0.736627 0.450351 0.549649 
0.029514 0.115449 0.855037 0.486779 0.513221 0.082992 0.917008 0.450351 0.549649 
0.105647 0.241015 0.653338 0.662801 0.337199 0.320400 0.679600 0.416293 0.583707 
0.142977 0.194516 0.662507 0.602832 0.397168 0.157383 0.842617 0.196898 0.803102 
0.229741 0.247023 0.523236 0.595964 0.404036 0.253444 0.746556 0.127743 0.872257 
0.229741 0.247023 0.523236 0.012108 0.987892 0.210672 0.789328 0.239882 0.760118 
0.229741 0.247023 0.523236 0.694813 0.305187 0.253444 0.746556 0.239882 0.760118 
0.229741 0.247023 0.523236 0.486779 0.513221 0.182507 0.817493 0.261128 0.738872 
0.142977 0.194516 0.662507 0.694813 0.305187 0.182507 0.817493 0.051312 0.948688 
0.308926 0.325464 0.365610 0.602832 0.397168 0.263373 0.736627 0.051312 0.948688 
0.308926 0.325464 0.365610 0.602832 0.397168 0.263373 0.736627 0.051312 0.948688 
0.029514 0.115449 0.855037 0.602832 0.397168 0.210672 0.789328 0.441106 0.558894 
0.029514 0.115449 0.855037 0.765091 0.234909 0.182507 0.817493 0.450351 0.549649 
0.142977 0.194516 0.662507 0.694813 0.305187 0.362264 0.637736 0.051312 0.948688 
0.142977 0.194516 0.662507 0.694813 0.305187 0.362264 0.637736 0.051312 0.948688 
0.142977 0.194516 0.662507 0.694813 0.305187 0.362264 0.637736 0.051312 0.948688 
0.142977 0.194516 0.662507 0.694813 0.305187 0.157383 0.842617 0.196898 0.803102 
0.261890 0.318713 0.419397 0.438344 0.561656 0.362264 0.637736 0.051312 0.948688 
0.142977 0.194516 0.662507 0.602832 0.397168 0.362264 0.637736 0.051312 0.948688 
0.105647 0.241015 0.653338 0.662801 0.337199 0.320400 0.679600 0.040774 0.959226 
0.261890 0.318713 0.419397 0.602832 0.397168 0.281873 0.718127 0.261128 0.738872 
0.105647 0.241015 0.653338 0.662801 0.337199 0.157383 0.842617 0.040774 0.959226 
0.261890 0.318713 0.419397 0.602832 0.397168 0.281873 0.718127 0.261128 0.738872 
0.029514 0.115449 0.855037 0.595964 0.404036 0.082992 0.917008 0.127743 0.872257 
0.261890 0.318713 0.419397 0.602832 0.397168 0.362264 0.637736 0.051312 0.948688 
0.229741 0.247023 0.523236 0.517434 0.482566 0.263373 0.736627 0.450351 0.549649 
0.261890 0.318713 0.419397 0.602832 0.397168 0.362264 0.637736 0.051312 0.948688 
0.029514 0.115449 0.855037 0.517434 0.482566 0.082992 0.917008 0.261128 0.738872 
0.029514 0.115449 0.855037 0.517434 0.482566 0.082992 0.917008 0.261128 0.738872 
0.029514 0.115449 0.855037 0.517434 0.482566 0.082992 0.917008 0.261128 0.738872 
0.029514 0.115449 0.855037 0.517434 0.482566 0.082992 0.917008 0.261128 0.738872 
0.142977 0.194516 0.662507 0.602832 0.397168 0.082992 0.917008 0.090787 0.909213 
0.087360 0.106009 0.806631 0.602832 0.397168 0.320400 0.679600 0.040774 0.959226 
