Finished!
Time: 13105527.000000
Below are the vectors
0.183064 0.217084 0.599852 0.906606 0.093394 0.379131 0.620869 0.387614 0.612386 
0.183064 0.217084 0.599852 0.906606 0.093394 0.379131 0.620869 0.387614 0.612386 
0.183064 0.217084 0.599852 0.906606 0.093394 0.379131 0.620869 0.387614 0.612386 
0.183064 0.217084 0.599852 0.906606 0.093394 0.379131 0.620869 0.387614 0.612386 
0.183064 0.217084 0.599852 0.906606 0.093394 0.379131 0.620869 0.387614 0.612386 
0.183064 0.217084 0.599852 0.906606 0.093394 0.379131 0.620869 0.387614 0.612386 
0.183064 0.217084 0.599852 0.906606 0.093394 0.379131 0.620869 0.387614 0.612386 
0.183064 0.217084 0.599852 0.906606 0.093394 0.379131 0.620869 0.387614 0.612386 
0.183064 0.217084 0.599852 0.906606 0.093394 0.379131 0.620869 0.387614 0.612386 
0.183064 0.217084 0.599852 0.906606 0.093394 0.379131 0.620869 0.387614 0.612386 
0.183064 0.217084 0.599852 0.906606 0.093394 0.379131 0.620869 0.387614 0.612386 
0.105800 0.276586 0.617614 0.906606 0.093394 0.379131 0.620869 0.499182 0.500818 
0.183064 0.217084 0.599852 0.906606 0.093394 0.409172 0.590828 0.499182 0.500818 
0.183064 0.217084 0.599852 0.906606 0.093394 0.409172 0.590828 0.499182 0.500818 
0.183064 0.217084 0.599852 0.730050 0.269950 0.379131 0.620869 0.423962 0.576038 
0.183064 0.217084 0.599852 0.906606 0.093394 0.409172 0.590828 0.499182 0.500818 
0.183064 0.217084 0.599852 0.906606 0.093394 0.409172 0.590828 0.499182 0.500818 
0.183064 0.217084 0.599852 0.730050 0.269950 0.379131 0.620869 0.423962 0.576038 
0.183064 0.217084 0.599852 0.730050 0.269950 0.379131 0.620869 0.423962 0.576038 
0.183064 0.217084 0.599852 0.906606 0.093394 0.409172 0.590828 0.499182 0.500818 
0.183064 0.217084 0.599852 0.906606 0.093394 0.409172 0.590828 0.499182 0.500818 
0.183064 0.217084 0.599852 0.906606 0.093394 0.409172 0.590828 0.499182 0.500818 
0.183064 0.217084 0.599852 0.906606 0.093394 0.409172 0.590828 0.499182 0.500818 
0.183064 0.217084 0.599852 0.906606 0.093394 0.409172 0.590828 0.499182 0.500818 
0.183064 0.217084 0.599852 0.906606 0.093394 0.409172 0.590828 0.499182 0.500818 
0.183064 0.217084 0.599852 0.906606 0.093394 0.409172 0.590828 0.499182 0.500818 
0.183064 0.217084 0.599852 0.906606 0.093394 0.409172 0.590828 0.499182 0.500818 
0.183064 0.217084 0.599852 0.906606 0.093394 0.409172 0.590828 0.499182 0.500818 
0.105800 0.276586 0.617614 0.906606 0.093394 0.379131 0.620869 0.499182 0.500818 
0.105800 0.276586 0.617614 0.906606 0.093394 0.409172 0.590828 0.499182 0.500818 
0.105800 0.276586 0.617614 0.730050 0.269950 0.477973 0.522027 0.423962 0.576038 
0.105800 0.276586 0.617614 0.730050 0.269950 0.409172 0.590828 0.423962 0.576038 
0.105800 0.276586 0.617614 0.730050 0.269950 0.409172 0.590828 0.423962 0.576038 
0.105800 0.276586 0.617614 0.730050 0.269950 0.409172 0.590828 0.423962 0.576038 
0.105800 0.276586 0.617614 0.730050 0.269950 0.409172 0.590828 0.423962 0.576038 
0.105800 0.276586 0.617614 0.730050 0.269950 0.409172 0.590828 0.423962 0.576038 
0.105800 0.276586 0.617614 0.730050 0.269950 0.409172 0.590828 0.423962 0.576038 
0.105800 0.276586 0.617614 0.730050 0.269950 0.409172 0.590828 0.423962 0.576038 
0.105800 0.276586 0.617614 0.730050 0.269950 0.379131 0.620869 0.423962 0.576038 
0.105800 0.276586 0.617614 0.730050 0.269950 0.379131 0.620869 0.423962 0.576038 
0.105800 0.276586 0.617614 0.730050 0.269950 0.379131 0.620869 0.423962 0.576038 
0.105800 0.276586 0.617614 0.730050 0.269950 0.379131 0.620869 0.423962 0.576038 
0.105800 0.276586 0.617614 0.730050 0.269950 0.379131 0.620869 0.423962 0.576038 
0.105800 0.276586 0.617614 0.730050 0.269950 0.379131 0.620869 0.423962 0.576038 
0.065830 0.234592 0.699578 0.691157 0.308843 0.409172 0.590828 0.387614 0.612386 
0.183064 0.217084 0.599852 0.906606 0.093394 0.379131 0.620869 0.499182 0.500818 
0.183064 0.217084 0.599852 0.906606 0.093394 0.379131 0.620869 0.499182 0.500818 
0.183064 0.217084 0.599852 0.906606 0.093394 0.379131 0.620869 0.499182 0.500818 
0.105800 0.276586 0.617614 0.730050 0.269950 0.409172 0.590828 0.499182 0.500818 
0.183064 0.217084 0.599852 0.730050 0.269950 0.409172 0.590828 0.499182 0.500818 
